413 505 504 505 504 640 413 640 Cat 0
542 246 631 246 631 395 542 395 Cat 0
586 153 640 153 640 262 586 262 Cat 0
511 18 580 18 580 160 511 160 Cat 0
404 84 486 84 486 196 404 196 Cat 0
410 289 484 289 484 420 410 420 Cat 0
282 358 356 358 356 544 282 544 Cat 0
345 313 414 313 414 462 345 462 Cat 0
288 249 355 249 355 358 288 358 Cat 0
318 120 385 120 385 251 318 251 Cat 0
203 44 276 44 276 160 203 160 Cat 0
142 78 202 78 202 155 142 155 Cat 0
130 136 211 136 211 231 130 231 Cat 0
187 295 270 295 270 477 187 477 Cat 0
40 293 145 293 145 555 40 555 Cat 0
87 166 156 166 156 289 87 289 Cat 0
25 104 83 104 83 180 25 180 Cat 0
7 160 78 160 78 273 7 273 Cat 0
2 53 40 53 40 144 2 144 Cat 0
60 31 118 31 118 140 60 140 Cat 0
562 491 640 491 640 640 562 640 Cat 0
165 467 248 467 248 638 165 638 Cat 0