383 265 505 265 505 638 383 638 Person 0
365 328 398 328 398 479 365 479 Person 0
341 318 366 318 366 421 341 421 Person 0
181 314 378 314 378 639 181 639 Person 0
201 350 215 350 215 395 201 395 Person 0
226 328 257 328 257 457 226 457 Person 0
122 299 175 299 175 630 122 630 Person 0
166 310 193 310 193 370 166 370 Person 0
501 331 529 331 529 471 501 471 Person 0
532 325 555 325 555 417 532 417 Person 0
524 287 640 287 640 635 524 635 Person 0
89 338 133 338 133 492 89 492 Person 0
32 336 57 336 57 407 32 407 Person 0
0 336 48 336 48 579 0 579 Person 0
33 323 112 323 112 634 33 634 Person 0