4 41 105 41 105 175 4 175 Dog 0
116 33 214 33 214 165 116 165 Dog 0
224 165 429 165 429 167 224 167 Dog 0
435 39 532 39 532 171 435 171 Dog 0
543 38 630 38 630 174 543 174 Dog 0
6 187 102 187 102 316 6 316 Dog 0
113 186 211 186 211 310 113 310 Dog 0
224 180 312 180 312 319 224 319 Dog 0
319 186 416 186 416 313 319 313 Dog 0
434 183 521 183 521 314 434 314 Dog 0
538 182 640 182 640 320 538 320 Dog 0
7 322 100 322 100 460 7 460 Dog 0
110 330 204 330 204 464 110 464 Dog 0
223 328 314 328 314 462 223 462 Dog 0
326 331 419 331 419 461 326 461 Dog 0
432 327 533 327 533 464 432 464 Dog 0
536 331 631 331 631 461 536 461 Dog 0
540 476 638 476 638 610 540 610 Dog 0
434 477 523 477 523 609 434 609 Dog 0
7 474 102 474 102 604 7 604 Dog 0
116 476 210 476 210 600 116 600 Dog 0
221 477 316 477 316 604 221 604 Dog 0
326 473 419 473 419 603 326 603 Dog 0